judge,case_count,race,gender,age_at_arrest,prior_vfo_cnt,rearrest,pend_vfo,prior_nonvfo_cnt,prior_misd_cnt,offense_month,offense_year,top_charge_weight_at_arraign,top_charge_at_arraign_violent_felony_ind,hate_crime_ind,top_charge_at_arraign,district
"Neckles, Derefim B.",4249,0.030037026373933583,0.02352399569876516,0.14404050454670395,0.03797040122908859,0.04026214412698728,0.04175591466301058,0.04607491207903762,0.06514432080789319,0.09956042280294661,0.029312493306455852,0.12307209910824442,0.17635197373767855,9.841335092653336e-05,0.14279537816832805,0.0
"Hudson, Sharen D.",923,0.027541055989429446,0.023481995825875793,0.11192308900969408,0.04168978508076613,0.05099987234440182,0.02006372892215912,0.05128440441468366,0.04606642556345092,0.07658114069726579,0.06671462604378349,0.1293366144643902,0.16705801402984105,1.11173972901777e-06,0.1872581358745295,0.0
"Mimes, Sherveal R.",5745,0.04569187758111722,0.01998277119215569,0.18499667030685388,0.045120216299208156,0.04370586400302336,0.03150959381544264,0.05787496429320744,0.09921137644058851,0.13273671201769768,0.013217199007616325,0.08010503957392638,0.08276916269927172,0.0033757356384440784,0.1597028171314471,0.0
"Leo, Donald",1770,0.030064168862706672,0.025670862005233115,0.1578081742896516,0.02854887244720585,0.039693412208770845,0.01705704528693631,0.03246953793051839,0.05149882516324155,0.1196885796030502,0.07846334650776472,0.11208758028265602,0.15955467232309742,0.004994592943952796,0.14240033014521442,0.0
"Walsh, Jean T.",6588,0.029215753134951394,0.021786317484122984,0.15932966271995602,0.02975041034468179,0.042512976454006784,0.025602224382619033,0.03914062075299146,0.06408341889047764,0.1059076397414334,0.048842924704471165,0.12234504717932876,0.143643099007984,0.002583484394588048,0.1652564208083875,0.0
"Sheares, Robin K.",429,0.04574508458220297,0.027980889908895374,0.1444821738750698,0.03680164902379454,0.04209406829777754,0.023268899112491116,0.046431216730599106,0.09682010227287118,0.10675813619039103,0.07755996237641749,0.08934080359578617,0.12441212826596654,0.001548182993529049,0.13675670277420815,0.0
"Shillingford, Ruth",190,0.05648648323413254,0.008746940312025846,0.11864542485665266,0.032841381169449554,0.09456457345752277,0.05059181836583716,0.0804823895476369,0.13696587263029586,0.11657160083941849,0.05283561965725862,0.08650405005354393,0.04929666187735754,0.0,0.11546718399886832,0.0
"Cyrulnik, Miriam",627,0.03287341447744695,0.013876840625315077,0.1471790905493965,0.03726848160040026,0.03400120945003812,0.0602485626281665,0.04428969004359204,0.06890010765963686,0.1023408137729783,0.07890088292295924,0.09550401273654184,0.1064963650564326,0.0,0.17812052847709578,0.0
"Cesare, Heidi C.",950,0.027143648313126253,0.023219252291755435,0.15466620422593802,0.03096856761222929,0.04278014381802095,0.02282458370827899,0.03473915016348571,0.05091635445416694,0.10961257434331419,0.07183460840187846,0.10943383202041057,0.15024269762432668,0.00021337647288950765,0.17140500655017893,0.0
"Li, Changyong",315,0.009183177552824644,0.004825984675701237,0.15951660319296448,0.3911977806057109,0.02413258675783129,3.522555212531615e-05,0.07091033954325271,0.11695116000738187,0.024618652761310263,0.025623474798868093,0.02218827512048561,1.3117007228792883e-06,0.0,0.15081542773082068,0.0
"Abadi, Gina Levy",1275,0.029004651220138334,0.02359859806164057,0.15263771579339375,0.032248378351408036,0.04847829740975809,0.0352579704481748,0.03729589603792227,0.05457615065914651,0.1003501741951462,0.028801557125024295,0.12503838591216346,0.1699880631847857,0.00023678227708031163,0.1624873793242178,0.0
"Haniff, Simiyon S.",10415,0.0342078873301029,0.02243258902939631,0.1686006798180848,0.03599623466544883,0.04318242208967116,0.0373557130033354,0.04123459863863609,0.07139264920904147,0.11651157305904852,0.04330191981563478,0.10336553788647458,0.10008090707168302,0.004336543560356313,0.17800074482308592,0.0
"Park, Jung A.",3525,0.03980420305809109,0.030368406440558125,0.19041912805440436,0.03781479555874912,0.04099201641537761,0.04912518094146386,0.041006264263253475,0.09069213779130647,0.10894577736014777,0.0079898812371042,0.09880562316853077,0.08057399031809108,0.0003211118053362416,0.18314148358758575,0.0
"DePeyster, Claudia Daniels",1779,0.02927473992178846,0.017487984740266145,0.16378620351219758,0.0374396000788425,0.03884752684907107,0.02651756964950422,0.05252774186328346,0.06657399608989784,0.10259211346402226,0.060756798788020545,0.10418617342167988,0.12658689232837406,0.00033064196430483944,0.17309201732874707,0.0
"Robles, Christopher J.",4318,0.03106293012123711,0.023678490259070185,0.15164873647051397,0.03190094698090943,0.0407818740139872,0.04312583281796295,0.04572405334521422,0.062130639395674245,0.09975646555619953,0.06259708140273187,0.11601807184476823,0.11368158944893207,0.0025810211281547158,0.1753122672146441,0.0
"Rao, Archana",5803,0.026656825453804375,0.01806677933283671,0.1398330866874583,0.034573178508640216,0.04064579726165136,0.033380117541752206,0.040684723857176246,0.06426413185564593,0.09386248802846661,0.05760771579961224,0.1344333355415029,0.1642281026204702,0.000447858214953944,0.15131585929602892,0.0
"Hecht, John",823,0.03618382156484076,0.017457438646617873,0.14084052925679313,0.06047637392084903,0.04348488989804695,0.028587759085601464,0.050931394370095154,0.08063127367886831,0.08489139433772021,0.07646097786213434,0.11754143523078868,0.11625737374205547,0.0004746782454188423,0.14578066016016972,0.0
"Ambekar, Deepa",5056,0.030633948975732232,0.019390685756397654,0.17889487552914984,0.03127120739897648,0.050903131473851004,0.04348838012776368,0.04401376897851507,0.06515161278449949,0.1137935272290797,0.07246322648455089,0.09881962970635289,0.10142669869103171,0.00126777305054059,0.14848153381355894,0.0
"Holderness, Carolina",4845,0.03229988407998412,0.024907972678365954,0.15333215173447654,0.035856043175808865,0.0411174960011166,0.039923707983861155,0.04225547311440815,0.07360440409144686,0.10121541041551273,0.03265647880173187,0.1362751826457953,0.1246637585131612,3.755047363648589e-06,0.16188828171696698,0.0
"Schiff, Alan J.",2307,0.02722451825007312,0.015895134349294557,0.13718993315742722,0.0358110043752188,0.044114748278188565,0.019562396475410256,0.040949945088329526,0.07195254362791927,0.11068977690670145,0.022792886098321915,0.12837483488778084,0.17736864193886281,0.000720960432699304,0.1673526761337725,0.0
"Perlmutter, Adam D.",3824,0.03751898669989056,0.02703841887647209,0.18454455567605893,0.032449921979707655,0.042251031403412145,0.040866931283214815,0.042638999047680363,0.07297618051670232,0.11470001722948593,0.06570755677844348,0.10672619664064559,0.08236884776486325,0.0003683201344028979,0.14984403596902018,0.0
"Sciarrino Jr., Matthew A.",3833,0.03726574731970947,0.022175757090719762,0.17466801325162035,0.03427337359997234,0.05727336493027854,0.03505262852287649,0.047810474382451895,0.07557461491351547,0.13357281995586967,0.07386056770950648,0.09734486775107058,0.06352010017549392,0.0,0.1476076703969152,0.0
"Cheng, Leigh K.",6050,0.03895840555949684,0.01672500542633008,0.18318479499365517,0.03949129544772243,0.04573083314610263,0.026532243978017473,0.050710124739153706,0.07266045155805316,0.1306712744876796,0.04827964474712854,0.09758271306721542,0.08769252281544505,0.006465861528544756,0.15531482850545517,0.0
"Petersen, Kim",2768,0.029518988932088285,0.021940839778614732,0.15930491057627294,0.0341548486278233,0.043966528164255565,0.037234703090910495,0.0463652540987116,0.06472105617224107,0.11311114879094274,0.07037286495386111,0.0984320334106279,0.12294343006539765,0.0011845806075845462,0.15674881273066812,0.0
"Lanzetta, Claudia",2232,0.03269967445713456,0.013098891033189605,0.15618905453326132,0.04318509562394331,0.06744298270622563,0.031026390674920606,0.055689596416435255,0.08152784300412853,0.11675907594811351,0.03550079116875119,0.10041064927880668,0.11653695245877345,1.0370662114975737e-08,0.14993299232565438,0.0
"Hayes Torres, Patrick",6987,0.03824978500354325,0.023602437285450684,0.18107222166141823,0.037033884295251555,0.045151772227580524,0.025598668849308795,0.044382512631224696,0.08953203026776292,0.13142248613206392,0.018701115981838545,0.09105932423780827,0.09184121531598981,0.0016121739452911346,0.18074037216546768,0.0
"Auguste, Germaine",6660,0.03494146720536101,0.021351476172722865,0.15960466858689512,0.04294213064252364,0.039839637555694994,0.04264121456317272,0.04261755764607212,0.07102489325905784,0.10512521964232663,0.051136065228871964,0.112795309521863,0.12100468685779797,0.0008480930173462906,0.1541275801002937,0.0
"Aragona, Maria",2137,0.02820965493565424,0.023232115840084583,0.17426409570868234,0.047155177219802315,0.05304605725714513,0.02627060709771908,0.0499851565215176,0.09075820242131122,0.10028929642529422,0.03360020304370893,0.10097273978535305,0.10448733930223579,0.0,0.1677293544414915,0.0
"Tully, Jane C.",878,0.03207836303875843,0.010282178551400152,0.15852795722442925,0.053614386981025094,0.0388989815420834,0.04520819757829834,0.042832532497059914,0.08610936732839197,0.09486116345166865,0.08438186361937863,0.10177727016473435,0.09113176137087127,0.00043584672333541076,0.15986012992856516,0.0
"McAllister, Lorna J.",407,0.02963989439708696,0.025596511828430854,0.13950962852263563,0.04154976454795131,0.02550085878675972,0.06648282534019877,0.04374926748751082,0.06804970220310488,0.06299060864352882,0.03248183381840386,0.11717132968974514,0.1962348090653787,0.0,0.1510429656692644,0.0
"Robinson, Devin R.",7077,0.036863331630529184,0.021322031013387338,0.19870907279155156,0.038575052938088265,0.046499285067733744,0.03328213553981795,0.055635815782541266,0.07823195656209667,0.13383602062234673,0.008096833239265843,0.06980593439249033,0.08449040350068426,1.2314156546108078e-05,0.19463981276292086,0.0
"Riviezzo, Dineen",781,0.0401676109116735,0.018155157207787306,0.18256840361331048,0.04477061474605747,0.05331825134981033,0.030406516282677636,0.055531953950080835,0.08090170366042453,0.1398990576606485,0.07437278856763656,0.08067005476775918,0.03569181781325193,0.0,0.16354606946888176,0.0
"Rodriguez, Raymond",1196,0.03428717785249774,0.01971064276679336,0.15871179987161907,0.033597350814697426,0.03959993842931291,0.02447716096210983,0.04798064011759634,0.06536939670046389,0.1178532049271433,0.07508776493093346,0.1285909854768751,0.09467981581796875,0.00016353330788322244,0.15989058802410577,0.0
"O'Neale, Inga M.",6593,0.03788095614582125,0.0170208170987525,0.17525028488960953,0.036415459256889056,0.05031784026736999,0.02677778971639987,0.046752996107238785,0.07317697008933226,0.12643690572925725,0.017279200945554404,0.10336570437818861,0.1296450885544251,0.00036928401919496414,0.15931070280196646,0.0
"Yavinsky, Michael",632,0.027933661751953495,0.020186260912401166,0.1183932857416275,0.048134074282200165,0.03329879747476019,0.046497300861026096,0.03546152984856951,0.05748745179279375,0.082075104913632,0.016487411561150786,0.1605845312923055,0.17323178573485826,2.9247038597731368e-06,0.18022587912886187,0.0
"Walker, Craig S.",1870,0.032670628082920504,0.014843492790131706,0.15094569574109137,0.030667471808068794,0.06124974405357949,0.0554191188814661,0.017425946225397313,0.03273624957398536,0.18254513223700036,0.09857721870259879,0.08057236084041226,0.03838371259993455,5.5517688755038406e-05,0.2039077107746584,0.0
"Quinones, Joanne D.",464,0.02395188538038648,0.013946853440128797,0.12951155687542112,0.04390436448989404,0.04568530524123659,0.07272932062948005,0.046209322514674335,0.07463663603723926,0.0703626015439042,0.049608255030421766,0.16761295158322492,0.09823918410731979,0.0,0.16360176312666858,0.0
"Santacroce, Quynda L.",4505,0.03369301606665344,0.019257345457774983,0.14467504171138953,0.02872800496510182,0.03633411034199896,0.02646419241419846,0.03571607249367981,0.06387755160030155,0.10180140300835071,0.05267804690266324,0.13010908312064476,0.17367131127613675,0.000817554585447414,0.1521772660556587,0.0
"Gubbay, Joseph E.",1077,0.04174138837984245,0.018237368418621197,0.17698365074801553,0.033101488183227265,0.048450563805869304,0.025317915128649053,0.03937254713624788,0.08251518212985799,0.10488154542597641,0.07463011148266645,0.08485531119292937,0.08563380805878605,4.189668993963618e-05,0.1842372232193715,0.0
"Ward, Kerry J.",5509,0.030144904831902134,0.021490321411236437,0.17415493520743236,0.03299845121083963,0.04322113465575223,0.03176880676881672,0.040185071090638375,0.0632960210918007,0.11365070588522949,0.08762857671230788,0.10459906530548774,0.10172098076633675,0.00025296457086025425,0.1548880604913593,0.0
"Espinal, Keshia J.",1146,0.04210514840861867,0.01823855933547721,0.16623032900947285,0.036461428478663904,0.04899532254078782,0.060488433484366486,0.04625190874651978,0.08207023802781051,0.10260648090856163,0.06448402541309821,0.09303264361868398,0.06983622153986661,0.002948862625952489,0.16625039786211984,0.0
"Morgenstern, Esther M.",280,0.047222793144541114,0.020324032126641516,0.23111915362271626,0.041734576871678974,0.04251326536336822,0.03459272653239532,0.03422407664722246,0.12840746105639253,0.1102429595234083,0.06743177913608953,0.06535358618061846,0.038989524605352224,0.0,0.13784406518957507,0.0
"Glick, Joshua",6359,0.03708329156417153,0.019434671643398422,0.17352769596627063,0.03259638212671394,0.04557495503477541,0.042802917264963325,0.04989706148443456,0.07896482714025335,0.11915558973536662,0.05727820272229783,0.11050041689526854,0.07762844980749262,0.0011232712775090753,0.15443226733708407,0.0
"D'Emic, Matthew J.",650,0.034040223228307,0.03485048770723843,0.19681014088224805,0.033661198605411696,0.056180265061503844,0.030902642350419368,0.046955108122693164,0.07902846147022073,0.11059965017986473,0.07747912361862795,0.1100196460451726,0.06120334748465924,0.00030931890469865507,0.12796038633893453,0.0
"Tubridy, Jennifer A.",3615,0.033307253399257886,0.02296094590810185,0.1605494093323558,0.031888342245986016,0.03645417730940245,0.044185565172803885,0.03793005906224933,0.07439604845092802,0.10723030696313532,0.012207285364621233,0.13154114928899624,0.11889056415076124,0.0015878164600529935,0.18687107689134771,0.0
"Kitsis, Michael D.",3087,0.03235687864199534,0.018201111658365784,0.16300082545017547,0.03665954953487089,0.03914023244233109,0.044795825413329105,0.048486639647193366,0.0786561123451199,0.10798783917777374,0.06527679284403644,0.11726004380768941,0.09180844529689997,4.039544554274609e-05,0.15632930829467667,0.0
"Montelione, Richard J.",347,0.03498331153198407,0.021395074103235472,0.168635628026501,0.035435103447677946,0.052831415527051825,0.11284583066515064,0.07317294265477418,0.0731171020884769,0.067951031967845,0.03424765091542496,0.10647796367530502,0.09304657195225104,0.0,0.12586037344432188,0.0
"Chu, Phyllis",958,0.03227481864769924,0.018294613976423593,0.18289370815117134,0.04687210647539046,0.04028142801484057,0.031071406530736007,0.045535310103187204,0.07290400270205422,0.09643351788851309,0.04168292795779557,0.1376152143139211,0.11873378781349016,0.00020726538897650754,0.13519989203580082,0.0
"Earle-Gargan, Jessica",1559,0.03193124495089772,0.015717549688261657,0.14216969332160312,0.05849515923345708,0.05062493299466773,0.053481883786765244,0.047174835511891576,0.07213800614987108,0.11072772200549315,0.02465526367962283,0.12856593038480074,0.12300867932711716,0.0,0.14130909896555105,0.0
"Chun, Danny K.",1598,0.03166442523285827,0.024776520528177727,0.14860558628802956,0.03664815769927865,0.051617295356073775,0.02721622702818686,0.04065431510903664,0.06457980907661327,0.11418122629195732,0.07132076699423798,0.12445859173116555,0.13398960807412483,0.0074400177352323136,0.12284745285502739,0.0
"Fong-Frederick, Dale",3826,0.037191376476543574,0.02741028332879226,0.18837039166705907,0.04062427231908416,0.04807690771361081,0.03987350818711914,0.06030465048080015,0.09001323803283123,0.10688952553493306,0.037272782068778196,0.0864524963107557,0.0732443005931018,0.0007039495132471385,0.16357231777334375,0.0
"Johnson, Laura R.",1430,0.030675177855296096,0.017768304813123095,0.14518264363861222,0.046121120778066335,0.040170020732743505,0.03362017334280443,0.04087763003377286,0.0744071744826572,0.11562153784463271,0.06662844569530221,0.1225400875742861,0.10910392791810251,0.00020628013609281845,0.15707747515450815,0.0
"Mitchell, Guy H.",43,0.05012853371710437,0.012148697078728033,0.200806015010109,0.002154110469701891,0.03139304752271043,0.011421369733661925,0.04084452336570491,0.03219733277619954,0.04470851445111028,0.0008622671403244158,0.1430320394191654,0.21641877835991022,0.0,0.21388477095556957,0.0
"Arriaga, Frederick C.",746,0.04307637528773759,0.014030027355913223,0.16740031932487207,0.04427381263334178,0.0600867903878632,0.0325782512114163,0.05861163488209608,0.08363666624077831,0.09164898436843667,0.08608481588822843,0.0837347732809813,0.09129378250113043,0.0,0.14354376663720478,0.0
"McDonnell, Paul",365,0.0714719715990754,0.0022172381183822795,0.25590687639386317,0.026952660319222527,0.1019854283383308,0.0345042678613236,0.05597970636073207,0.16436740762760893,0.0989114188361273,0.005857874568983881,0.00743145313233107,1.342048755846441e-06,0.0,0.17441235479526315,0.0
"Ciccotto, Theresa M.",157,0.034279491643133014,0.03419729627932689,0.1744541752142408,0.020207803926521863,0.04429359746262373,0.013309206683320801,0.08951716044075346,0.07724974715359376,0.1139474544709758,0.07185771096011134,0.06196436625138988,0.12351125100345665,0.0,0.14121073851055196,0.0
"Gingold, Hilary",1846,0.02784982385004547,0.017388446183068996,0.1680097723656088,0.04377394025153326,0.0506998265158288,0.040601642741677865,0.05778552638769337,0.08047533396129217,0.10827059905316119,0.036987780924496214,0.11649737998916306,0.08983834752483329,1.9514914150595736e-05,0.161802065337447,0.0
"Swern, Anne J.",319,0.05713501228089477,0.015881850788576356,0.2428377456671346,0.023099951585229993,0.051927471129493225,0.02477689760788972,0.04756893573582733,0.06081328194736664,0.07480144854528795,0.025816908455201112,0.126483177511848,0.10435000392213625,0.0,0.14450731482311407,0.0
"Kennedy, Odessa",48,0.0371997602786599,0.23425924269125895,0.25928061917035755,0.001095282745959508,0.030909075401762146,0.006343229124520597,0.0,0.03751472216902853,0.1700857915360116,0.0012703321917965213,0.015387010900939121,0.0006465697877958773,0.0,0.20600836400190956,0.0
"Warin, Elizabeth N.",2613,0.030980258889646554,0.019675274683777288,0.14922762701318498,0.03003152015545498,0.04205869156622595,0.04657209649004139,0.03926824601298443,0.061565900273476915,0.10556831809149926,0.0629050378105634,0.14047954772304233,0.11131270598803013,0.00027986415208087264,0.16007491114999145,0.0
"Darkeh, Abena",1634,0.03379621587594017,0.021709990282330702,0.1548069326758258,0.028881381150972597,0.039323259489311035,0.02879090256664298,0.03930656520776887,0.07230539226754372,0.1057992414456614,0.056444867185854446,0.15700641225236342,0.10705161452964235,0.0013189453604293341,0.1534582797097133,0.0
"Weiner, Jay L.",385,0.12322490098027318,0.002320879718542531,0.2364671399887073,0.0980260358362472,0.04398573739261862,0.005640824471079667,0.1002909673137144,0.10036307283052168,0.11396411066705243,0.05133357173305136,0.0025113678916536607,6.925484609504424e-05,0.0,0.12180213633044304,0.0
"Harrington, William M.",76,0.035928487148643634,0.023900401967938873,0.1344766796470291,0.029742927921868275,0.03905528856685714,0.01863514719330819,0.05147555223420844,0.06653117260404576,0.09612850345891871,0.046402373454332145,0.15315940427546107,0.1850024179601721,0.0,0.1195616435672165,0.0
"DelGiudice, Vincent M.",286,0.03063101459049182,0.014685008124889112,0.07992006095891348,0.04464037424346766,0.052165158050264754,0.010397805531764902,0.03198645008668941,0.060996985142669845,0.08870612357425277,0.05486313793685158,0.2711179759460931,0.031035394786321686,0.0,0.22885451102732973,0.0
"Dougherty, Marguerite S.",1031,0.035318441563782235,0.02081621848878379,0.1752918379523389,0.043382661928345785,0.05150770619150955,0.04855597668604844,0.055695255665875354,0.08024891745537115,0.09451614736571204,0.04878626544726952,0.08746555968284365,0.11539113974963457,5.566218790421814e-05,0.14296820963458085,0.0
"Edwards, Ellen E.",74,0.03742605637776894,0.01910938554157429,0.20890007022981333,0.032652425266215396,0.10174682450602707,0.015236243097658813,0.07355313704172049,0.17886757982715104,0.04421423761064994,0.028242543224848014,0.08417587227363592,0.056354829712879285,0.0,0.11952079529005749,0.0
"Ross, Neil E.",23,0.03274983830586994,0.01307997289092031,0.13634341625480095,0.05910246463692349,0.0067016862178594675,0.005441295107786699,0.02439743506544816,0.054316819476329964,0.09948848198572541,0.2678421732933942,0.06817462795633504,0.059631458370150804,0.0,0.17273033043845556,0.0
"Weiner, Alfred",48,0.03338937564775963,0.0014270845704904345,0.4237250702337552,0.053507183196588086,0.1158612666711239,0.0008808249137218611,0.13936051366659746,0.1799379745297788,0.012496252211005929,7.838656840789031e-05,0.004493157230264253,0.0,0.0,0.03484291056050657,0.0
"Baily-Schiffman, Loren",298,0.02705165824102216,0.005030020136069171,0.1525357668462651,0.06864678968842924,0.053650107413302825,0.051361893631177054,0.08550341533778992,0.12483748835074021,0.1161856852328951,0.04580843471848146,0.04906832887771031,0.051348002290366714,0.0,0.16897240923575063,0.0
"Novillo, Edwin I.",905,0.03090516657652396,0.03449265538421252,0.1499937375212373,0.065238403710838,0.03268852068233551,0.03917416533081553,0.04828429302744135,0.0834077718001462,0.09541881519858399,0.015772478477313823,0.11946882052626166,0.1153726382425609,0.0002072141670179341,0.1695753193547114,0.0
"Bourne-Clarke, Sharon A.",140,0.060766698289296935,0.05596738369426449,0.16353991566634896,0.07461277923312319,0.045608412268374574,0.02254129440625234,0.07002182503446724,0.1802875796232921,0.08789946503571938,0.0016709555724728061,0.05626884565188484,0.07002078536376256,0.0,0.11079406016074066,0.0
"Moses, Herbert J.",1404,0.03959394835281041,0.020999026293632105,0.1682178456103479,0.04573333220181022,0.036760830547012256,0.0227959189584797,0.04300920177388337,0.06603593606969124,0.11409723495186148,0.04214805955282333,0.16176492302775128,0.10802294800888587,0.0005769263218952048,0.13024386832911566,0.0
"Douglas, Dena E.",414,0.029508531466615535,0.024171425899462626,0.170516292129015,0.048076488297951456,0.04813487140685132,0.029342643859454856,0.06345856790540637,0.07831507931548448,0.11778000228730807,0.0757579429869563,0.08535643008485755,0.06038569138005889,0.0,0.16919603298057773,0.0
"Calabrese, Alexander",739,0.05310060288028832,0.01736831743591571,0.16363516265412553,0.03184033320873113,0.05690829473086495,0.030850209170231315,0.04945220612238927,0.05557842614794024,0.12054798288121041,0.045957682873421314,0.08748856300671164,0.11091338193567482,0.0,0.17635883695249546,0.0
"Hecht, Burton G.",164,0.045841668611054924,0.022061326911330396,0.14520968485642693,0.04450473057919322,0.035879643587666876,0.05899048881745985,0.10293545601838319,0.06785662273186334,0.11793868222574519,0.03450703816729868,0.11146714571151632,0.07402855891420777,0.0,0.13877895286785336,0.0
"Garson, Robin S.",189,0.05052221121048996,0.018333096014847318,0.13839875229735657,0.04775587708176687,0.060413140277337525,0.09135204463737417,0.046211301449135316,0.0735772733365638,0.06502149697621087,0.06355259121926161,0.10175654582366483,0.04484537535585479,0.0,0.19826029432013642,0.0
"Stein, Saul",154,0.021223606495151776,0.015492403628388832,0.13096250638853915,0.046759037236138085,0.019372348901026674,0.016396369444114964,0.034592245471105836,0.06351858718563501,0.026051492969637404,0.0009054657540624225,0.202737026431445,0.2591247364932461,0.0,0.16286417360150882,0.0
"Guarino, Eugene M.",206,0.03888227656470291,0.017088451312222832,0.18960485014852624,0.05003330992578586,0.05214737265402152,0.021520288285607436,0.04351760101316224,0.05379147134453989,0.15630537327414834,0.06532578516957138,0.11139933071352287,0.07224667431166776,0.0,0.12813721528252078,0.0
"Freier, Rachel E.",398,0.0888720330394963,0.014993754030185125,0.1494462794958531,0.05791265447533149,0.026194634575261545,0.024593199680796225,0.09090269088440885,0.08220788031591678,0.08011209175308455,0.004357053038842594,0.1313620243515415,0.09700964135090454,0.016380764713579105,0.1356552982947984,0.0
"Tomlinson, Rhonda Z.",275,0.03425677550143664,0.018451139442279052,0.17622356180225687,0.045406418982178225,0.049201176294257,0.016189062702603965,0.032179818461249274,0.06860224579567875,0.14004704106463925,0.08247392362839803,0.11798775470193253,0.08726922485596389,0.0013416039938526283,0.13037025277327396,0.0
"Colon, Lizette",57,0.02331351712641132,0.005396735177243346,0.2046635463945333,0.10776717157884305,0.007671226572927044,0.03041274289789929,0.24790932171389987,0.058158335988652346,0.029812025849355054,0.004895865030558344,0.06250617652126392,0.07311444902752201,0.0,0.14437888612089117,0.0
"Konviser, Jill",392,0.03966758044729615,0.01225816274228504,0.19514270878669446,0.0283546805171101,0.026629677913277697,0.020498663624600694,0.030997665146656587,0.05457880992388228,0.132843454099286,0.12504387258917243,0.13365189495528354,0.05527658895738275,0.0,0.14505624029707226,0.0
"Gershuny, Jeffrey A.",61,0.15020532797321146,0.005280303429379989,0.11864396368967395,0.0007021070283583647,0.18357937499299876,0.27648739682535917,0.00023186158243629517,0.021952320920674395,0.019384195049904775,0.0,0.021802100359670985,0.027930278855046033,0.0,0.1738007692932859,0.0
"Schumacher, Eric",126,0.028269384380517446,0.048232179978904624,0.10359553286210411,0.11180133795351853,0.056154160083689016,0.07006925038715073,0.04214140703504038,0.09732957040075743,0.019206353212282767,0.0006556864143006057,0.16503289045341674,0.0732707570001013,0.0,0.1842414898382163,0.0
"Edwards, Cenceria P.",226,0.06409341288148858,0.020715987313888785,0.1876340579218859,0.05198728106784386,0.02005880664786481,0.02398465206308224,0.0519218687241252,0.15763811857658558,0.10176993299545277,0.001323857480068164,0.09566611621100907,0.06230573484457268,0.0,0.1609001732721324,0.0
"Wade, Carolyn E.",79,0.04213252954171912,0.01556217852910909,0.08961215723495598,0.07260284656602084,0.04686593848007144,0.028250746854354695,0.2193812575994323,0.06389185600537714,0.14295700215827897,0.10454632053128224,0.09486129403571417,0.003340053858390043,0.0,0.07599581860529407,0.0
"Laporte, Evelyn J.",69,0.06910862080581782,0.02838483974112073,0.10901902493882062,0.028632121545130597,0.057454137332561175,0.02099623650888608,0.03875493684950389,0.06601211139566432,0.17449982583962395,0.09917485870390591,0.11016264450535664,0.04704155182609899,0.0,0.1507590900075094,0.0
"Barry, Rupert V.",160,0.030428127064336598,0.04705887233299759,0.17691039787714158,0.038240815017460746,0.04253784263014033,0.008473012179852425,0.10347729801544674,0.11195446029031397,0.09402098938606523,0.05920692255193588,0.08656641523155145,0.04211784533060557,0.0,0.15900700209215168,0.0
"Mangano Jr., Guy J.",56,0.04455860388172343,0.010479820568500815,0.13847768959848136,0.023099343669841454,0.028031585835842688,0.02754538271891772,0.07260272118167559,0.06789166649166839,0.16656792900061032,0.10424229806132182,0.10641697513021234,0.032114212372891734,0.0,0.1779717714883124,0.0
"Amaker, Tamiko A.",81,0.025978367770619203,0.04770739850008465,0.19911935469531217,0.051627839323077726,0.03976469030050976,0.02787324706676248,0.02889191874172735,0.09050140396904002,0.08882927103978469,0.09713750593731381,0.08628222089753396,0.0583632979782092,0.0,0.15792348378002494,0.0
"Dominguez, Denise M",40,0.0035430663262686485,0.0042566234873927045,0.2281858561490001,0.0008489538075336568,0.0010502690106208238,0.17644209142184855,0.0,0.00029157019123572675,0.2594924084262816,0.0,0.031399574338369256,0.037346236677340335,0.0,0.25714335016410855,0.0
"Judge, TBD",57,0.03886129249074243,0.038055906683932654,0.29715050658887276,0.08942378092728397,0.08648732558005195,0.044142853984701726,0.04737738214314005,0.07478798056613979,0.09486737307985153,0.026261251019146874,0.04782681747406964,0.052780262733022214,0.0,0.06197726672904445,0.0
"Frank, Lyle E.",87,0.022462023359790716,0.012144510896691581,0.07162059107887377,0.04675564249724652,0.06597310321758569,0.24511588529811396,0.03776425309544093,0.08298717955786271,0.027776160100862465,0.008459729040222894,0.1339823440670071,0.11961243231911908,0.0,0.1253461454711825,0.0
"Hudson, Henry",39,0.011222189830138738,0.0,0.08821721541009075,0.06521559761258233,0.1555013567354172,0.0002073716638585059,0.19587972430289827,0.11345745849517673,0.02117893096646158,0.03586064829411962,0.06579390128312625,0.15756048516688798,0.0,0.08990512023924206,0.0
"Roberts, Gayle P.",21,0.04686287902336709,0.0,0.09056506106060985,0.03181677700299516,0.12477431295344801,0.026542231862772044,0.01229493612326964,0.1286630105426589,0.29516241469390375,0.010017034214126844,0.059624912098578495,0.09989221563093857,0.0,0.07378421479333146,0.0
